
    Closed orbit:
                  x     px/p0         y     py/p0         z     dp/p0 
  Entrance :  2.760E-7  -4.14E-7  2.590E-9  2.639E-6  3.179E-6  4.721E-5
      Exit :  2.760E-7  -4.14E-7  2.588E-9  2.644E-6  3.179E-6  4.721E-5

    Symplectic part of the transfer matrix:
                  x     px/p0         y     py/p0         z     dp/p0 
         x :  -.910417  -.081687  -.039750  -2.71E-4  -4.85E-7  8.627E-5
     px/p0 :  2.012990  -.917403   .748097  -.003595  2.416E-6  1.694E-4
         y :   .004114  2.185E-4  -.781544  -.001877  -2.44E-6  -8.82E-5
     py/p0 :  -.308644   .067613  204.7443  -.787233   .001464   .099386
         z :  -5.69E-5  -9.21E-5   .059768  2.577E-4   .991778  -.872082
     dp/p0 :  2.827E-6  -2.19E-6  6.680E-4  9.731E-7   .021872   .989059

                  x     px/p0         y     py/p0         z     dp/p0 
         x :  1.000000   .000000  -6.9E-13  -8.1E-15  2.36E-17  -9.3E-16
     px/p0 :   .000000  1.000000  -1.9E-12  9.36E-15  4.34E-17  -1.2E-15
         y :  9.36E-15  8.10E-15  1.000000   .000000  3.28E-17  -1.8E-15
     py/p0 :  1.91E-12  -6.9E-13   .000000  1.000000  9.41E-17  -1.1E-14
         z :  -1.2E-15  9.30E-16  -1.1E-14  1.83E-15  1.000000   .000000
     dp/p0 :  -4.3E-17  2.36E-17  -9.4E-17  3.28E-17   .000000  1.000000

                  X        Px         Y        Py         Z        Pz 
         X :  -.914928  -.403616  8.21E-14  2.00E-14  2.18E-17  -2.5E-16
        Px :   .403616  -.914928  2.22E-13  1.82E-13  6.64E-17  7.55E-16
         Y :  -1.0E-14  3.51E-14  -.783370  -.621555  -5.5E-16  -8.4E-15
        Py :  -2.9E-13  -4.6E-14   .621555  -.783370  4.50E-16  2.49E-15
         Z :  -5.9E-16  -5.3E-16  3.26E-15  -8.2E-15   .990418  -.138102
        Pz :  -1.2E-17  -6.7E-17  4.64E-16  -4.2E-16   .138102   .990418

    Extended Twiss Parameters:
AX: -.008656 BX:  .202131                            ZX: -2.68E-7  EX: 1.343E-4
           PSIX: 2.18E-10                           ZPX: 1.030E-6 EPX: -9.70E-5
R1:  .001981 R2:  .001867 AY: -.005067 BY:  .003032  ZY: -4.13E-7  EY: -9.70E-5
R3: -4.03188 R4:  .106309            PSIY: 3.59E-11 ZPY: 2.266E-4 EPY:  .044489
                                                     AZ: -.009844  BZ: 6.314734
                                                                 PSIZ: 6.26E-18
    Units: B(X,Y,Z), E(X,Y), R2: m | PSI(X,Y,Z): radian | ZP(X,Y), R3: 1/m

Design momentum      P0 = 4.0000000 GeV Revolution freq.     f0 = 99390.581 Hz 
Energy loss per turn U0 = 1.7625223 MV  Effective voltage    Vc = 8.3996466 MV 
Equilibrium position dz = 20.750185 mm  Momentum compact. alpha = 2.9061E-4
Orbit dilation       dl = 8.5938443 mm  Effective harmonic #  h = 5120.0000
Bucket height     dV/P0 =  .0249437     Synchrotron frequency   = 2191.5671 Hz 

    Eigen values and eigen vectors:

       Real:-0.9149283-0.9149283-0.7833702-0.7833702 0.9904180 0.9904180
  Imaginary:-0.4036164 0.4036164-0.6215554 0.6215554-0.1381017 0.1381017
  Imag.tune:-0.0000000           0.0000000          -0.0000000
  Real tune:-0.4338765          -0.3932505          -0.0220500

                  X        Px         Y        Py         Z        Pz 
         x :   .447847  1.77E-14   .005682  -.033912  -1.69E-6  1.606E-5
     px/p0 :   .019179  2.215624   .222202   .035976  -4.48E-7  3.430E-6
         y :  -9.27E-4  -.004154   .054853  3.23E-15  -1.42E-6  -3.88E-5
     py/p0 :  1.810648  -.236458   .091665  18.08957  7.398E-4   .017838
         z :  -1.38E-4  2.986E-4  -.002459  -.001761  2.512913  1.57E-17
     dp/p0 :  4.680E-7  5.963E-7  1.251E-5  7.505E-6   .003917   .397944

                  x     px/p0         y     py/p0         z     dp/p0 
         X :  2.215624  -1.8E-14  -.236458   .004154  5.963E-7  -2.99E-4
        Px :  -.019179   .447847  -1.81064  -9.27E-4  -4.68E-7  -1.38E-4
         Y :   .035976   .033912  18.08957  -3.2E-15  7.505E-6   .001761
        Py :  -.222202   .005682  -.091665   .054853  -1.25E-5  -.002459
         Z :  3.430E-6  -1.61E-5   .017838  3.877E-5   .397944  -1.6E-17
        Pz :  4.483E-7  -1.69E-6  -7.40E-4  -1.42E-6  -.003917  2.512913

                  x     px/p0         y     py/p0         z     dp/p0 
         x :  1.000000   .000000  5.51E-18  -2.9E-17  -1.5E-21   .000000
     px/p0 :   .000000  1.000000  2.75E-18  5.09E-18  -1.1E-22   .000000
         y :  5.89E-18  2.89E-17  1.000000   .000000  7.62E-21   .000000
     py/p0 :  -6.0E-18  4.86E-18   .000000  1.000000  -3.4E-21  2.17E-19
         z :  -7.4E-24  -9.4E-24  -2.0E-22  -1.2E-22  1.000000   .000000
     dp/p0 :   .000000  -1.5E-21  6.78E-21  3.39E-21   .000000  1.000000

    Radiation part of the transfer matrix:
                  x     px/p0         y     py/p0         z     dp/p0 
         x :  1.956E-4  1.410E-5  9.133E-6  6.748E-8  9.025E-9  5.226E-7
     px/p0 :  -3.29E-4  2.259E-4  -1.98E-4  7.744E-7  -6.08E-9  1.303E-7
         y :  -8.92E-7  -1.99E-8  1.541E-4  4.136E-7  9.12E-10  1.091E-7
     py/p0 :  4.307E-5  -2.06E-5  -.048870  1.838E-4  -6.24E-7  -6.54E-5
         z :  -8.50E-6  -8.25E-6  -1.44E-5  -1.51E-5  1.508E-6  4.090E-4
     dp/p0 :  -2.37E-5  1.932E-5  -.002900  2.822E-5  -8.85E-6  -8.74E-4

                  X        Px         Y        Py         Z        Pz 
         X :  1.965E-4  6.976E-5  -2.51E-6  1.009E-6  5.439E-8  4.764E-7
        Px :  -6.58E-5  2.251E-4  3.847E-6  -1.75E-6  -6.55E-9  1.279E-8
         Y :  2.175E-6  4.053E-6  1.546E-4  1.377E-4  6.127E-9  2.103E-7
        Py :  1.303E-6  2.113E-6  -1.48E-4  1.816E-4  -3.16E-8  -3.42E-7
         Z :  -1.24E-5  -5.85E-6  -1.57E-6  -1.08E-4  2.141E-6  6.466E-5
        Pz :  1.095E-4  1.211E-4  -3.83E-4   .001287  -6.44E-5  -8.73E-4

    Damping per one revolution:
          X : -2.202159E-04   Y : -2.203671E-04   Z : -4.404118E-04
    Damping time (sec):
          X :  4.568842E-02   Y :  4.565706E-02   Z :  2.284525E-02
    Tune shift due to radiation:
          X :  3.673399E-06   Y : -1.155281E-06   Z :  5.989099E-07
    Damping partition number:
          X :    0.9999       Y :    1.0005       Z :    1.9996

    Beam matrix by radiation fluctuation:
                  x     px/p0         y     py/p0         z     dp/p0 
         x  1.132E-13
     px/p0  1.296E-13 4.424E-12
         y  -2.39E-16 1.202E-15 2.629E-17
     py/p0  -1.95E-14 -4.16E-13 -1.02E-14 4.902E-12
         z  1.967E-13 1.109E-12 7.994E-14 -2.98E-11 2.927E-10
     dp/p0  -5.32E-13 -2.10E-12 -1.51E-13 6.815E-11 -4.64E-10 9.883E-10

                  X        Px         Y        Py         Z        Pz 
         X  5.563E-13
        Px  1.244E-13 8.837E-13
         Y  7.033E-15 7.708E-14 8.476E-15
        Py  -5.35E-14 -9.20E-15 -1.49E-15 7.475E-15
         Z  1.718E-13 1.749E-13 2.693E-13 -2.16E-13 4.635E-11
        Pz  -2.91E-12 -2.15E-12 -2.71E-12 3.606E-12 -4.64E-10 6.2503E-9

    Equiliblium beam matrix:
                  X        Px         Y        Py         Z        Pz 
         X  1.6350E-9
        Px  1.898E-13 1.6349E-9
         Y  -2.45E-13 1.138E-14 1.810E-11
        Py  -1.40E-14 -2.64E-13 -1.45E-15 1.810E-11
         Z  8.273E-15 8.674E-15 4.497E-14 4.609E-14 3.5761E-6
        Pz  -4.90E-13 -1.27E-12 -1.41E-12 8.393E-13 -2.39E-11 3.5758E-6

                  x     px/p0         y     py/p0         z     dp/p0 
         x  3.279E-10
     px/p0  1.423E-11 8.0270E-9
         y  -6.81E-13 -1.49E-11 8.949E-14
     py/p0  1.3156E-9 -7.97E-10 -3.53E-12 1.2517E-8
         z  -1.53E-11 -2.88E-12 -1.28E-11 6.6476E-9 2.2582E-5
     dp/p0  2.273E-11 3.644E-12 -5.52E-11 2.5399E-8 3.5180E-8 5.6633E-7

Emittance X            = 1.63491E-9 m   Emittance Y            = 1.8104E-11 m
Emittance Z            = 3.57596E-6 m   Energy spread          = 7.52546E-4
Bunch Length           = 4.75204259 mm  Beam tilt              =  .00207855 rad
Beam size xi           =  .01810918 mm  Beam size eta          = 2.96766E-4 mm

